[[-1.90546597e-01 -9.22307097e-02  1.00652326e-01  6.95635925e-02
   6.53659865e-02  5.84846837e-02  1.65130457e-01  1.30327358e-02
  -1.12947217e-01 -5.57675088e-03 -7.62426708e-04  1.67030346e-01
  -2.78508859e-02  8.14925292e-02  3.37439465e-02  4.28243885e-02]
 [-1.25825042e-02  6.60602015e-03  1.45352584e-04  1.28675346e-02
  -2.15133550e-03 -1.46887003e-03 -7.16764008e-03  2.92079865e-02
   1.99540414e-02  2.78579291e-04  1.13449588e-02 -1.88351602e-02
   8.68188245e-03  2.33859718e-03 -2.20461615e-03 -1.63048637e-02]
 [-1.71430076e-02  1.28278893e-02 -1.60292546e-03 -1.41052612e-01
   8.34104562e-02  1.97027871e-03  4.48990621e-02  3.63841595e-03
   2.00559922e-02  7.67181501e-02  1.90367717e-02 -4.22901535e-02
   3.05278985e-02 -7.93376818e-02 -4.91019890e-02  6.94912665e-02]
 [-9.89987888e-03  9.12227174e-03 -1.79620047e-03  1.81668226e-02
  -1.39212960e-03 -4.84819420e-03 -9.32590403e-03  3.08205240e-02
   1.89823278e-02 -2.52877260e-03  1.26594616e-02 -1.85075301e-02
   7.34563371e-03  5.61168827e-03 -9.83778467e-04 -1.96847208e-02]
 [-2.33073130e-02  9.28727142e-03  4.10240599e-03  2.05976430e-02
   6.94022733e-03 -6.09007873e-03 -4.88646636e-03  2.93348956e-02
   2.21464379e-02 -2.90569094e-03  1.16195371e-02 -1.45806718e-02
   2.29781487e-03  8.05778055e-03 -1.46505024e-03 -2.41461421e-02]
 [-1.08289757e-02  7.01636387e-03  1.26491204e-03  1.39542828e-02
   2.98359149e-03 -4.67166535e-03 -7.27179353e-03  2.33928448e-02
   1.69541084e-02 -3.25334049e-03  1.22625536e-02 -1.23060695e-02
   2.21085237e-03  3.30532333e-03  3.62428831e-04 -1.78733526e-02]
 [-1.11350522e-02  1.14820373e-02  4.73134140e-03  1.40776472e-02
   4.08814343e-03 -8.73370921e-03 -8.46745182e-03  2.45339456e-02
   1.49278834e-02 -6.60468257e-03  1.96380269e-02 -6.47189744e-03
   8.89636014e-04  5.32774330e-03 -1.84510057e-03 -1.99337716e-02]
 [ 1.22992188e-01  7.75419364e-02 -1.24453999e-01  8.07331151e-02
  -4.37751991e-03 -8.71783534e-02  5.23728012e-02  2.92458406e-02
  -2.48219584e-02  3.17086801e-02  6.90682116e-02  2.83643084e-02
  -2.25905674e-02  2.58484198e-02 -5.55928234e-02  1.97267908e-02]
 [ 5.46878699e-02 -3.36967964e-02  1.47373289e-02 -3.41104059e-02
  -3.94475469e-02  6.62629731e-02  4.06508834e-02 -1.48494286e-02
  -6.04249792e-03  5.41440248e-03 -2.94214968e-02  1.13519517e-01
  -3.87682174e-02 -9.49185206e-02 -4.23948117e-02  6.81526430e-02]
 [-1.05927733e-02  1.30789398e-02 -4.54312021e-03  1.33354290e-02
   2.33378557e-03 -2.83816656e-03 -3.90483925e-03  3.46401552e-02
   2.24778371e-02  7.84221166e-04  1.04898693e-02 -1.84194206e-02
   3.28220986e-03  6.48386974e-03 -9.37381460e-03 -1.92257309e-02]
 [-1.10508579e-02 -7.54016770e-02 -6.34280846e-04 -1.51058070e-01
  -1.22123774e-01  1.71157413e-01  1.49499997e-02 -1.39925125e-01
  -1.47562476e-02  4.91177341e-02 -1.56172006e-01 -1.42688139e-02
  -2.70289010e-02 -1.28279418e-02  4.79336684e-02  9.01527126e-02]
 [ 3.76693582e-03  1.04221670e-02 -5.31585387e-03  1.26559862e-02
  -2.43484122e-03 -8.28622128e-03 -9.74735260e-03  2.81800848e-02
   1.35349524e-02 -1.36244911e-03  8.23294698e-03 -2.10385734e-02
   3.09182750e-03  3.46294416e-03 -4.23879023e-03 -1.39886006e-02]
 [-1.06680918e-02  1.22776801e-02 -4.18726109e-04  2.04001387e-02
   2.21488763e-03 -1.00326252e-02 -6.16185905e-03  3.15879100e-02
   1.63173645e-02 -2.61804115e-03  1.23541533e-02 -1.86296223e-02
   3.37276933e-03  1.05528693e-02 -5.65450676e-03 -2.12262155e-02]
 [ 9.83768863e-02 -4.69597031e-02  1.83200849e-02 -8.19093987e-02
  -1.17286177e-01 -2.28095333e-02 -1.31474985e-01 -1.02956267e-01
  -5.17985022e-02 -7.02499492e-02  1.60546898e-01  3.67211159e-02
   1.17433630e-01 -3.81471277e-02  1.03623431e-01  3.45529517e-02]
 [-1.25987025e-02  1.07573237e-02 -4.20117198e-03  2.00144771e-02
   2.10133227e-03 -6.32150435e-03 -8.48847603e-03  3.42985546e-02
   2.63254697e-02 -2.67060334e-03  2.10593896e-02 -1.83015335e-02
   7.13248170e-03  5.38407165e-03 -3.79298466e-03 -2.46060558e-02]
 [-1.33655569e-02 -3.33525377e-02 -7.59539210e-02  1.64017485e-02
  -2.46864727e-02 -2.73003601e-02  6.15273301e-02  8.37942198e-03
   3.42338067e-02  5.64796147e-02 -1.83245397e-01 -8.76934194e-02
  -1.50197433e-02  6.29714848e-03 -2.27425914e-03  6.47212434e-02]
 [-9.75017460e-03  9.36800550e-03  2.22158190e-03  1.60516994e-02
   1.46443251e-03 -7.74175131e-03 -7.62279809e-03  2.40802180e-02
   1.41680292e-02 -4.06953248e-03  1.62956668e-02 -9.98751781e-03
   4.10310196e-03  4.15368466e-03 -6.20349734e-04 -1.73737129e-02]
 [-1.59333717e-02  6.79151046e-03  2.98125333e-03  2.01628805e-02
  -9.58460125e-04 -5.60789214e-03 -4.77276061e-03  2.99814511e-02
   1.67821258e-02 -1.91910394e-03  1.04209422e-02 -1.58170611e-02
   3.92813884e-03  7.08102258e-03 -3.05650753e-04 -1.82766206e-02]
 [-1.33265878e-02  6.23029478e-03 -1.68435039e-04  1.26975842e-02
  -1.29463339e-04 -2.22769587e-03 -4.70925298e-03  2.84131663e-02
   1.87017496e-02  1.62363249e-03  4.07963577e-03 -2.12722273e-02
   4.96988262e-03  4.44748898e-03 -2.49049258e-03 -1.53377216e-02]
 [-1.62988650e-02  4.43520714e-02  1.98974887e-02 -3.65365738e-02
   4.77838366e-02  1.33328495e-02 -3.18034892e-02 -1.23377513e-01
  -9.31881021e-04 -5.50406121e-02 -2.39797719e-02  8.51217090e-02
  -4.65563659e-02  5.72212990e-03  7.09165456e-02 -3.54662403e-02]
 [-3.85492319e-02  9.75696568e-02  1.01754597e-01  1.27759854e-02
   6.53117837e-02 -6.65892431e-02 -4.47904495e-02 -2.88653659e-02
  -4.14551157e-02 -6.55025545e-02  9.77535672e-02  9.35132569e-02
   1.05137270e-02  1.82350181e-02 -8.41535645e-02 -6.43432114e-02]
 [-8.99594383e-03  7.11142429e-03 -4.31259549e-03  2.02657266e-02
  -1.52803702e-03 -5.14544015e-03 -2.34547482e-03  2.73362272e-02
   1.67129885e-02  1.09564336e-03  7.59991888e-03 -1.54580656e-02
   4.72524882e-03  4.03115050e-03 -2.04911800e-03 -1.43705878e-02]
 [ 1.18796584e-01 -6.03528615e-02 -2.71620773e-02 -6.10085047e-02
   6.55840174e-02 -2.26145116e-02 -2.12484390e-02 -7.09934255e-02
  -2.16219554e-02 -2.14868597e-02 -2.83008359e-02 -8.42809526e-02
  -7.90226127e-02  3.02756467e-02 -2.77776746e-02 -2.79074582e-02]
 [-6.47011063e-03  1.61596232e-02 -4.58317306e-03  2.09794105e-02
   3.95714189e-03 -1.41058744e-02 -1.13949337e-02  4.04171853e-02
   2.31823823e-02 -4.07634837e-03  2.84088058e-02 -2.19714649e-02
   8.79844575e-03  6.70983938e-03 -6.21796700e-03 -2.55885275e-02]
 [-1.75059902e-02  1.16532541e-02 -3.39559141e-04  2.54008083e-02
   5.68466993e-03 -9.33777303e-03 -2.53401340e-03  3.37742120e-02
   2.19969499e-02 -2.15643597e-03  1.69564708e-02 -1.25987253e-02
   3.03151432e-03  6.86138054e-03 -5.42907077e-03 -2.30545379e-02]
 [-5.45145074e-03  1.09412414e-02  2.52093413e-03  1.32366001e-02
  -5.54428104e-03 -7.65060611e-03 -1.05582917e-02  2.94878530e-02
   1.22661579e-02 -2.76678310e-03  1.39768850e-02 -1.91748491e-02
   7.95504154e-03  6.47484592e-03 -3.78725965e-03 -1.58396308e-02]
 [ 6.73805741e-02 -4.86026974e-02 -1.78435682e-02  5.13364530e-02
  -3.71642547e-02  2.03918713e-02 -4.08538636e-02 -5.28165025e-02
  -7.53452298e-02  3.15678526e-02 -1.41922737e-01 -3.23665247e-02
   2.25455564e-02 -3.29239203e-02  5.51736526e-02  4.49257061e-02]]